
SYMMETRICAL COMPONENT CURRENTS BY CIRCUIT ELEMENT (first 3 phases)

Element                             Term      I1         I2         %I2/I1    I0         %I0/I1   %Normal %Emergency

"VSOURCE.SOURCE" ..................   1      112.46       13.997    12.45      5.7199     5.09      0.00     0.00
   -                                  2      112.46       13.997    12.45      5.7199     5.09      0.00     0.00
"LINE.LINE_632TO671" ..............   1       106.9       13.972    13.07      5.7324     5.36     29.11    19.40
   -                                  2       106.9       13.972    13.07      5.7324     5.36      0.00     0.00
"LINE.LINE_671TO680" ..............   1   0.0031144    6.3308E-6     0.20   3.6496E-6     0.12      0.00     0.00
   -                                  2  1.6733E-12   2.5731E-12   153.77  5.4654E-13    32.66      0.00     0.00
"LINE.LINE_651TO632" ..............   1      112.46       13.997    12.45      5.7199     5.09     29.98    19.99
   -                                  2      112.46       13.997    12.45      5.7199     5.09      0.00     0.00
"LINE.LINE_632TO633" ..............   1      18.803     0.024184     0.13    0.011896     0.06      4.71     3.14
   -                                  2      18.805     0.024183     0.13    0.011895     0.06      0.00     0.00
"LINE.LINE_692TO675" ..............   1      100.16       13.931    13.91      5.6545     5.65     27.64    18.43
   -                                  2      100.16       13.931    13.91      5.6545     5.65      0.00     0.00
"LINE.LINE_645TO646" ..............   1      33.128     0.022164     0.07    0.042537     0.13      8.30     5.53
   -                                  2      33.129     0.022165     0.07    0.042538     0.13      0.00     0.00
"LINE.LINE_632TO645" ..............   1      42.052     0.010668     0.03    0.036587     0.09     10.52     7.02
   -                                  2      42.053     0.010669     0.03    0.036588     0.09      0.00     0.00
"LINE.LINE_684TO611" ..............   1        38.5     0.084738     0.22    0.099966     0.26      9.66     6.44
   -                                  2      38.498     0.084732     0.22    0.099963     0.26      0.00     0.00
"LINE.LINE_684TO652" ..............   1       19.46     0.039609     0.20    0.048406     0.25      4.89     3.26
   -                                  2      19.462     0.039613     0.20    0.048408     0.25      0.00     0.00
"LINE.LINE_671TO684" ..............   1      43.054     0.067927     0.16    0.085183     0.20     10.80     7.20
   -                                  2      43.053     0.067921     0.16     0.08518     0.20      0.00     0.00
"CAPACITOR.CAP_675A" ..............   1      84.364            0     0.00           0     0.00      0.00     0.00
   -                                  2      84.364            0     0.00           0     0.00      0.00     0.00
"CAPACITOR.CAP_675B" ..............   1      84.069            0     0.00           0     0.00      0.00     0.00
   -                                  2      84.069            0     0.00           0     0.00      0.00     0.00
"CAPACITOR.CAP_675C" ..............   1      84.825            0     0.00           0     0.00      0.00     0.00
   -                                  2      84.825            0     0.00           0     0.00      0.00     0.00
"CAPACITOR.CAP_611A" ..............   1      42.062            0     0.00           0     0.00      0.00     0.00
   -                                  2      42.062            0     0.00           0     0.00      0.00     0.00
"CAPACITOR.CAP_611B" ..............   1      41.961            0     0.00           0     0.00      0.00     0.00
   -                                  2      41.961            0     0.00           0     0.00      0.00     0.00
"CAPACITOR.CAP_611C" ..............   1      42.284            0     0.00           0     0.00      0.00     0.00
   -                                  2      42.284            0     0.00           0     0.00      0.00     0.00
"LINE.SWITCH_671TO692A" ...........   1      100.66            0     0.00           0     0.00     25.16    16.78
   -                                  2      100.66            0     0.00           0     0.00      0.00     0.00
"LINE.SWITCH_671TO692B" ...........   1      74.854            0     0.00           0     0.00     18.71    12.48
   -                                  2      74.854            0     0.00           0     0.00      0.00     0.00
"LINE.SWITCH_671TO692C" ...........   1      101.99            0     0.00           0     0.00     25.50    17.00
   -                                  2      101.99            0     0.00           0     0.00      0.00     0.00
"TRANSFORMER.TRANSFORMER_633TO634A"   1      18.817            0     0.00           0     0.00     14.23    10.44
   -                                  2      163.08            0     0.00           0     0.00      0.00     0.00
"TRANSFORMER.TRANSFORMER_633TO634B"   1      18.829            0     0.00           0     0.00     14.24    10.44
   -                                  2      163.18            0     0.00           0     0.00      0.00     0.00
"TRANSFORMER.TRANSFORMER_633TO634C"   1       18.77            0     0.00           0     0.00     14.20    10.41
   -                                  2      162.67            0     0.00           0     0.00      0.00     0.00
"TRANSFORMER.TRANSFORMER_650TO651A"   1      119.93            0     0.00           0     0.00      9.07     6.65
   -                                  2      119.93            0     0.00           0     0.00      0.00     0.00
"TRANSFORMER.TRANSFORMER_650TO651B"   1      114.22            0     0.00           0     0.00      8.64     6.34
   -                                  2      114.22            0     0.00           0     0.00      0.00     0.00
"TRANSFORMER.TRANSFORMER_650TO651C"   1      105.82            0     0.00           0     0.00      8.00     5.87
   -                                  2      105.82            0     0.00           0     0.00      0.00     0.00
"LOAD.LOAD_634ACP" ................   1      163.08            0     0.00           0     0.00      0.00     0.00
"LOAD.LOAD_634BCP" ................   1      163.18            0     0.00           0     0.00      0.00     0.00
"LOAD.LOAD_634CCP" ................   1      162.67            0     0.00           0     0.00      0.00     0.00
"LOAD.LOAD_634ACZ" ................   1           0            0     0.00           0     0.00      0.00     0.00
"LOAD.LOAD_634BCZ" ................   1           0            0     0.00           0     0.00      0.00     0.00
"LOAD.LOAD_634CCZ" ................   1           0            0     0.00           0     0.00      0.00     0.00
"LOAD.LOAD_634ACI" ................   1           0            0     0.00           0     0.00      0.00     0.00
"LOAD.LOAD_634BCI" ................   1           0            0     0.00           0     0.00      0.00     0.00
"LOAD.LOAD_634CCI" ................   1           0            0     0.00           0     0.00      0.00     0.00
"LOAD.LOAD_671ACP" ................   1      18.667            0     0.00           0     0.00      0.00     0.00
"LOAD.LOAD_671BCP" ................   1      18.711            0     0.00           0     0.00      0.00     0.00
"LOAD.LOAD_671CCP" ................   1      18.569            0     0.00           0     0.00      0.00     0.00
"LOAD.LOAD_671ACZ" ................   1           0            0     0.00           0     0.00      0.00     0.00
"LOAD.LOAD_671BCZ" ................   1           0            0     0.00           0     0.00      0.00     0.00
"LOAD.LOAD_671CCZ" ................   1           0            0     0.00           0     0.00      0.00     0.00
"LOAD.LOAD_671ACI" ................   1           0            0     0.00           0     0.00      0.00     0.00
"LOAD.LOAD_671BCI" ................   1           0            0     0.00           0     0.00      0.00     0.00
"LOAD.LOAD_671CCI" ................   1           0            0     0.00           0     0.00      0.00     0.00
"LOAD.LOAD_675ACP" ................   1      11.186            0     0.00           0     0.00      0.00     0.00
"LOAD.LOAD_675BCP" ................   1      11.225            0     0.00           0     0.00      0.00     0.00
"LOAD.LOAD_675CCP" ................   1      11.125            0     0.00           0     0.00      0.00     0.00
"LOAD.LOAD_675ACZ" ................   1           0            0     0.00           0     0.00      0.00     0.00
"LOAD.LOAD_675BCZ" ................   1           0            0     0.00           0     0.00      0.00     0.00
"LOAD.LOAD_675CCZ" ................   1           0            0     0.00           0     0.00      0.00     0.00
"LOAD.LOAD_675ACI" ................   1           0            0     0.00           0     0.00      0.00     0.00
"LOAD.LOAD_675BCI" ................   1           0            0     0.00           0     0.00      0.00     0.00
"LOAD.LOAD_675CCI" ................   1           0            0     0.00           0     0.00      0.00     0.00
"LOAD.LOAD_632ACP" ................   1      9.4941            0     0.00           0     0.00      0.00     0.00
"LOAD.LOAD_632BCP" ................   1      9.4992            0     0.00           0     0.00      0.00     0.00
"LOAD.LOAD_632CCP" ................   1      9.4693            0     0.00           0     0.00      0.00     0.00
"LOAD.LOAD_632ACZ" ................   1           0            0     0.00           0     0.00      0.00     0.00
"LOAD.LOAD_632BCZ" ................   1           0            0     0.00           0     0.00      0.00     0.00
"LOAD.LOAD_632CCZ" ................   1           0            0     0.00           0     0.00      0.00     0.00
"LOAD.LOAD_632ACI" ................   1           0            0     0.00           0     0.00      0.00     0.00
"LOAD.LOAD_632BCI" ................   1           0            0     0.00           0     0.00      0.00     0.00
"LOAD.LOAD_632CCI" ................   1           0            0     0.00           0     0.00      0.00     0.00
"LOAD.LOAD_645ACP" ................   1      8.9769            0     0.00           0     0.00      0.00     0.00
"LOAD.LOAD_645BCP" ................   1      8.9817            0     0.00           0     0.00      0.00     0.00
"LOAD.LOAD_645CCP" ................   1      8.9535            0     0.00           0     0.00      0.00     0.00
"LOAD.LOAD_645ACZ" ................   1           0            0     0.00           0     0.00      0.00     0.00
"LOAD.LOAD_645BCZ" ................   1           0            0     0.00           0     0.00      0.00     0.00
"LOAD.LOAD_645CCZ" ................   1           0            0     0.00           0     0.00      0.00     0.00
"LOAD.LOAD_645ACI" ................   1           0            0     0.00           0     0.00      0.00     0.00
"LOAD.LOAD_645BCI" ................   1           0            0     0.00           0     0.00      0.00     0.00
"LOAD.LOAD_645CCI" ................   1           0            0     0.00           0     0.00      0.00     0.00
"LOAD.LOAD_646ACP" ................   1           0            0     0.00           0     0.00      0.00     0.00
"LOAD.LOAD_646BCP" ................   1           0            0     0.00           0     0.00      0.00     0.00
"LOAD.LOAD_646CCP" ................   1           0            0     0.00           0     0.00      0.00     0.00
"LOAD.LOAD_646ACZ" ................   1      33.106            0     0.00           0     0.00      0.00     0.00
"LOAD.LOAD_646BCZ" ................   1      33.088            0     0.00           0     0.00      0.00     0.00
"LOAD.LOAD_646CCZ" ................   1      33.193            0     0.00           0     0.00      0.00     0.00
"LOAD.LOAD_646ACI" ................   1           0            0     0.00           0     0.00      0.00     0.00
"LOAD.LOAD_646BCI" ................   1           0            0     0.00           0     0.00      0.00     0.00
"LOAD.LOAD_646CCI" ................   1           0            0     0.00           0     0.00      0.00     0.00
"LOAD.LOAD_652ACP" ................   1           0            0     0.00           0     0.00      0.00     0.00
"LOAD.LOAD_652BCP" ................   1           0            0     0.00           0     0.00      0.00     0.00
"LOAD.LOAD_652CCP" ................   1           0            0     0.00           0     0.00      0.00     0.00
"LOAD.LOAD_652ACZ" ................   1      19.443            0     0.00           0     0.00      0.00     0.00
"LOAD.LOAD_652BCZ" ................   1      19.397            0     0.00           0     0.00      0.00     0.00
"LOAD.LOAD_652CCZ" ................   1      19.545            0     0.00           0     0.00      0.00     0.00
"LOAD.LOAD_652ACI" ................   1           0            0     0.00           0     0.00      0.00     0.00
"LOAD.LOAD_652BCI" ................   1           0            0     0.00           0     0.00      0.00     0.00
"LOAD.LOAD_652CCI" ................   1           0            0     0.00           0     0.00      0.00     0.00
"LOAD.LOAD_692ACP" ................   1           0            0     0.00           0     0.00      0.00     0.00
"LOAD.LOAD_692BCP" ................   1           0            0     0.00           0     0.00      0.00     0.00
"LOAD.LOAD_692CCP" ................   1           0            0     0.00           0     0.00      0.00     0.00
"LOAD.LOAD_692ACZ" ................   1           0            0     0.00           0     0.00      0.00     0.00
"LOAD.LOAD_692BCZ" ................   1           0            0     0.00           0     0.00      0.00     0.00
"LOAD.LOAD_692CCZ" ................   1           0            0     0.00           0     0.00      0.00     0.00
"LOAD.LOAD_692ACI" ................   1      9.6741            0     0.00           0     0.00      0.00     0.00
"LOAD.LOAD_692BCI" ................   1      9.6741            0     0.00           0     0.00      0.00     0.00
"LOAD.LOAD_692CCI" ................   1      9.6741            0     0.00           0     0.00      0.00     0.00
"LOAD.LOAD_611ACP" ................   1           0            0     0.00           0     0.00      0.00     0.00
"LOAD.LOAD_611BCP" ................   1           0            0     0.00           0     0.00      0.00     0.00
"LOAD.LOAD_611CCP" ................   1           0            0     0.00           0     0.00      0.00     0.00
"LOAD.LOAD_611ACZ" ................   1           0            0     0.00           0     0.00      0.00     0.00
"LOAD.LOAD_611BCZ" ................   1           0            0     0.00           0     0.00      0.00     0.00
"LOAD.LOAD_611CCZ" ................   1           0            0     0.00           0     0.00      0.00     0.00
"LOAD.LOAD_611ACI" ................   1      23.479            0     0.00           0     0.00      0.00     0.00
"LOAD.LOAD_611BCI" ................   1      23.479            0     0.00           0     0.00      0.00     0.00
"LOAD.LOAD_611CCI" ................   1      23.479            0     0.00           0     0.00      0.00     0.00
"LOAD.ACT_675A" ...................   1      44.325            0     0.00           0     0.00      0.00     0.00
"LOAD.ACT_675B" ...................   1      25.714            0     0.00           0     0.00      0.00     0.00
"LOAD.ACT_675C" ...................   1      55.903            0     0.00           0     0.00      0.00     0.00
