,cmd_epoch,cmd_datetime,phase_shift,Pcmd,Qcmd,Pact,Qact
0,1566518419.6898487,2019-08-23 00:01:54.750569,[0.],0.0,0,[-4.63479567e-20],[-5.23930653e-20]
1,1566518424.692348,2019-08-23 00:01:54.750569,[0.],0.0,0,[-5.35219717e-20],[-8.35190202e-21]
2,1566518429.7030873,2019-08-23 00:01:54.750569,[0.],0.0,0,[-6.00263471e-20],[6.21546404e-20]
3,1566518434.7062545,2019-08-23 00:01:54.750569,[0.],0.0,0,[-3.30601204e-20],[-3.29401334e-21]
4,1566518439.7083042,2019-08-23 00:01:54.750569,[0.],0.0,0,[-2.78750202e-20],[2.48464989e-20]
5,1566518444.7111757,2019-08-23 00:01:54.750569,[0.],1.0,0,[-5.30995431e-20],[8.5953076e-21]
6,1566518449.7135317,2019-08-23 00:01:54.750569,[0.],1.0,0,[9.12277787e-20],[2.99836512e-20]
7,1566518454.7167788,2019-08-23 00:01:54.750569,[0.],1.0,0,[-2.19432045e-20],[1.24787157e-20]
8,1566518459.7203746,2019-08-23 00:01:54.750569,[0.],1.0,0,[-5.99658129e-20],[-1.02411803e-20]
9,1566518464.722597,2019-08-23 00:01:54.750569,[0.],1.0,0,[1.89931829e-20],[8.04586609e-20]
10,1566518469.7240126,2019-08-23 00:01:54.750569,[0.],2.0,0,[1.32559936e-20],[-1.12601261e-20]
11,1566518474.7266662,2019-08-23 00:01:54.750569,[0.],2.0,0,[-2.57918531e-20],[-1.02009014e-20]
12,1566518479.7288144,2019-08-23 00:01:54.750569,[0.],2.0,0,[-3.0541315e-20],[8.57362003e-20]
13,1566518484.7320995,2019-08-23 00:01:54.750569,[0.],2.0,0,[8.48268763e-20],[1.19647265e-19]
14,1566518489.7360468,2019-08-23 00:01:54.750569,[0.],2.0,0,[1.22264274e-19],[1.1318326e-19]
15,1566518494.7388377,2019-08-23 00:01:54.750569,[0.],3.3,0,[-4.64554823e-20],[-2.66617291e-20]
16,1566518499.7426257,2019-08-23 00:01:54.750569,[0.],3.3,0,[3.79792758e-20],[-1.33690847e-19]
17,1566518504.7437134,2019-08-23 00:01:54.750569,[0.],3.3,0,[1.24591303e-20],[-2.00657211e-20]
18,1566518509.7472427,2019-08-23 00:01:54.750569,[0.],3.3,0,[1.52321289e-19],[9.4585604e-21]
19,1566518514.750569,2019-08-23 00:01:54.750569,[0.],3.3,0,[1.76445661e-20],[-3.52182623e-21]
